3890
3826
3752
3915
3827
3821
3813
3898
3776
3908
3835
3905
3893
4001
3885
3751
4062
3998
3916
4045
3966
3799
4015
3948
3930
3815
3930
3868
4070
3892
3982
3875
3891
3929
3951
3859
3900
3839
3867
3864
3883
3968
3822
4043
3838
3991
3950
3808
3934
3943
3940
3872
3806
3957
3965
3931
3811
3918
3979
3960
3799
3944
3818
3933
3897
3830
3936
3845
3982
3955
3851
4063
3946
3872
3979
3900
3959
3781
3913
3888
3937
3944
3915
3817
3815
3943
3930
3958
3998
3887
3821
3854
3870
4061
3797
3982
3981
3882
4212
3959
3960
3939
3954
3856
3765
3825
3855
3925
3756
3905
3912
3918
3970
3938
3815
3788
3750
4020
3900
3791
3837
4039
3996
3900
3932
3907
3964
3785
4064
3984
3845
3985
3738
3813
3806
3921
3954
3905
3895
4012
4052
4104
3787
3957
3888
3751
3923
3906
3936
3972
3811
3976
3954
3987
4008
4056
3964
4007
3985
3959
4038
3938
3889
3939
3995
3909
3814
3933
3922
3947
3854
3979
3843
3819
3786
4042
3774
4068
3759
3984
3936
3876
3827
3886
3946
3998
3875
3967
4023
3817
3953
3981
3979
3945
3918
3872
3865
3894
3942
3998
