156
161
154
161
141
163
149
149
172
134
150
171
152
155
151
159
166
133
162
159
142
147
145
143
137
138
183
163
146
138
133
156
141
167
167
161
198
139
186
166
139
141
179
147
165
158
151
144
154
124
163
154
175
139
171
141
148
146
133
132
154
148
165
150
160
125
172
160
160
118
133
128
161
159
168
168
137
142
130
150
159
134
157
154
172
150
128
138
144
149
144
179
124
146
158
143
164
143
128
158
145
149
163
150
147
137
146
145
181
162
143
129
155
134
143
171
148
131
143
133
135
138
131
135
149
163
154
152
152
174
134
151
155
131
159
142
145
145
134
156
130
171
140
165
128
175
182
136
152
160
142
177
129
145
139
148
155
138
165
140
133
173
165
141
140
143
178
151
125
174
147
168
152
155
152
146
149
141
140
139
171
149
171
151
168
129
161
157
148
133
133
156
128
142
151
149
144
148
128
136
