150
161
128
130
134
144
146
163
155
134
145
158
137
155
150
133
152
167
151
139
150
146
127
155
138
179
146
189
159
190
130
158
176
156
149
165
155
175
146
174
129
164
153
131
149
129
123
146
146
134
148
163
140
152
145
150
143
144
152
138
129
177
141
152
182
138
153
136
126
145
132
151
158
174
135
148
171
168
139
141
180
150
158
135
152
138
139
144
149
181
128
164
154
153
165
157
130
143
128
164
151
