344
318
369
315
329
316
361
300
329
324
320
322
338
356
352
333
357
314
304
329
337
345
366
364
345
290
313
363
353
320
327
355
311
321
357
284
306
324
369
363
344
317
292
341
348
326
313
305
292
340
329
348
351
355
332
321
329
317
315
302
347
341
341
341
327
345
312
339
305
316
310
349
323
310
347
328
352
331
319
328
358
316
360
317
350
357
319
293
359
333
355
379
317
339
329
326
340
307
337
331
310
323
288
334
307
357
331
337
362
384
334
298
321
324
338
320
315
336
354
356
335
313
311
371
289
337
373
343
355
363
345
340
339
362
348
331
341
325
314
319
304
329
300
352
288
291
334
342
346
322
359
341
316
334
345
335
322
376
358
317
314
338
362
314
336
361
344
343
351
263
312
300
345
356
308
313
334
322
301
331
303
290
303
340
303
317
350
325
315
294
353
357
348
302
337
326
345
299
357
342
