581
565
584
668
608
613
641
619
641
632
633
591
655
672
629
672
591
622
620
660
653
651
639
586
605
625
622
618
646
617
582
663
649
600
609
647
653
588
591
589
572
637
638
638
658
642
599
684
659
615
666
653
638
585
610
632
660
626
572
604
632
580
594
637
646
671
609
666
666
567
684
632
639
661
642
602
677
646
668
608
668
616
616
622
578
607
633
599
663
584
608
609
582
615
614
621
653
634
657
630
634
623
560
599
630
581
579
618
567
548
627
598
672
608
637
663
609
610
619
648
625
607
660
615
598
585
601
605
606
635
614
612
614
596
662
584
602
645
651
628
672
668
612
593
617
587
596
616
583
629
598
611
621
619
673
622
618
600
620
672
669
615
608
691
597
628
599
611
608
613
618
611
669
616
573
627
663
576
571
659
638
638
614
652
612
662
598
640
671
607
623
641
609
645
647
669
626
654
663
635
