82
72
99
69
81
66
86
68
73
104
71
86
92
68
82
85
71
87
92
85
77
82
80
85
87
71
102
82
98
72
70
74
86
99
76
81
97
82
84
66
89
77
58
91
66
90
81
76
95
96
82
77
73
82
92
73
82
74
53
67
69
64
89
93
86
84
84
77
92
90
101
72
86
75
85
102
71
77
59
67
81
85
76
80
79
94
96
84
85
98
86
84
77
88
101
73
74
91
75
71
83
71
80
77
68
100
76
67
86
93
72
82
104
82
77
73
66
90
97
118
111
100
91
72
82
88
94
82
80
75
73
79
100
80
91
80
113
98
75
90
75
86
80
54
68
57
89
69
77
85
93
88
69
81
93
104
68
66
58
84
62
88
76
62
79
81
87
85
63
73
92
94
103
76
81
70
56
77
76
88
73
85
60
77
94
87
73
80
73
67
97
93
94
79
87
84
104
94
85
73
