8002
7898
7737
7889
7882
7719
7737
7794
7893
7728
7672
7604
7370
7840
7846
7963
7886
7941
7688
7891
7892
8062
7792
7859
7942
7704
7827
7875
7812
8020
7795
7653
7960
7860
7764
8016
7700
7792
7804
7528
7623
8029
7829
7919
7783
7977
7763
8157
7802
7724
7855
7818
7684
7852
7852
7581
7928
7799
7830
7739
7854
7636
7784
7891
7619
7855
7672
7743
7480
7789
7598
7827
7626
7692
7984
7965
8020
7739
7843
7494
7811
7711
7884
7915
7748
7903
7749
7717
7759
7656
7806
7722
7591
7846
8160
7614
7881
7582
7869
7754
7726
7777
7641
7751
7559
7962
7817
7301
7807
7791
7944
8141
7817
7793
7837
7943
7958
7982
7960
7821
7929
7876
7739
7775
8017
7676
7849
7813
7882
7945
8166
8138
7640
8057
8118
7720
7595
7623
7885
7701
7927
7641
7716
7803
7724
7683
7961
7710
7610
7708
7453
7937
7800
7931
7658
7845
7695
7677
8036
7850
7980
7684
7554
7781
7619
7591
7797
7475
8066
8197
7975
8040
7916
7722
7861
7739
7877
7902
7742
7819
7700
7631
7825
8322
7710
7705
7794
7728
7846
8123
7556
7812
7635
7988
8167
7657
7987
7850
7509
8136
