318
307
351
345
312
323
325
331
325
287
276
312
340
261
298
309
288
303
301
315
360
267
307
295
280
277
282
341
335
313
319
289
304
311
312
245
262
330
286
299
352
243
190
287
332
319
291
271
358
323
390
334
324
318
270
337
345
287
363
233
295
350
289
291
342
262
336
300
320
305
250
280
280
285
294
287
339
235
390
340
278
253
251
318
363
300
304
234
302
336
317
280
316
314
327
318
362
259
239
280
276
