283
344
286
263
266
278
291
313
305
303
324
360
323
239
248
252
301
332
325
239
296
252
370
354
317
280
304
289
342
282
330
258
342
349
310
307
340
271
310
279
317
298
260
272
331
328
321
329
288
304
298
364
309
278
286
329
390
316
334
324
291
272
291
305
289
288
291
323
347
342
319
223
325
279
302
353
277
265
325
343
313
304
265
324
359
231
297
337
379
257
304
367
278
301
347
321
271
249
310
272
325
323
301
226
320
259
288
346
270
312
355
294
281
297
323
288
325
279
304
301
299
274
264
268
280
266
305
285
274
293
329
314
314
331
309
278
289
222
244
360
260
282
308
258
281
362
325
299
366
282
292
251
268
240
265
278
256
353
284
318
321
370
298
274
321
316
323
257
255
350
339
347
258
381
264
295
307
292
241
388
330
333
249
257
298
279
309
321
252
321
384
274
268
311
283
246
275
359
301
293
