617
621
727
670
716
654
639
700
621
703
706
694
691
646
650
625
639
671
540
628
724
614
648
654
624
617
629
750
610
577
677
661
637
665
690
518
616
630
739
689
649
632
651
633
584
656
605
653
575
682
594
610
712
762
634
644
671
621
657
621
663
696
690
591
682
729
700
599
588
712
727
678
625
706
614
617
593
672
744
678
667
685
689
668
753
687
590
682
645
738
639
541
669
692
644
776
684
652
651
628
676
616
618
595
711
668
593
700
604
669
596
682
586
643
585
618
714
744
700
510
520
680
629
685
617
678
628
661
607
723
673
614
732
749
646
556
679
655
651
732
721
701
656
680
622
681
635
732
689
645
594
598
683
641
643
692
612
631
626
637
661
679
668
647
695
633
725
707
640
666
683
615
729
685
673
695
748
616
598
682
664
730
571
663
668
600
623
618
710
760
670
698
720
685
629
673
669
577
634
614
