1263
1342
1259
1263
1279
1291
1332
1330
1144
1221
1269
1109
1181
1241
1300
1286
1370
1193
1195
1320
1232
1291
1401
1222
1329
1219
1270
1193
1225
1162
1203
1311
1404
1349
1399
1205
1308
1213
1417
1384
1285
1291
1310
1185
1283
1308
1400
1309
1342
1251
1386
1247
1255
1169
1258
1279
1216
1251
1184
1427
1205
1142
1325
1235
1414
1344
1250
1292
1247
1214
1308
1208
1134
1336
1334
1255
1303
1143
1294
1285
1141
1272
1301
1250
1178
1270
1214
1317
1285
1272
1380
1223
1206
1322
1423
1302
1245
1255
1256
1205
1230
1218
1144
1247
1348
1330
1208
1263
1207
1162
1138
1175
1171
1374
1177
1294
1309
1325
1215
1260
1303
1300
1361
1307
1205
1263
1297
1274
1239
1269
1229
1415
1385
1237
1321
1312
1233
1240
1212
1200
1287
1254
1173
1307
1322
1196
1170
1302
1229
1221
1289
1166
1236
1078
1250
1117
1286
1313
1221
1293
1225
1212
1393
1415
1286
1216
1152
1333
1148
1319
1281
1213
1256
1225
1275
1305
1383
1285
1222
1198
1276
1234
1371
1212
1314
1244
1267
1218
1282
1253
1278
1242
1283
1295
1115
1296
1374
1292
1255
1289
