174
161
142
188
189
181
222
131
152
173
146
121
184
154
152
179
157
192
182
193
171
140
123
184
156
120
200
171
147
153
200
171
220
168
178
112
146
125
157
150
130
130
148
187
168
191
195
193
168
219
156
191
140
129
197
160
164
177
134
213
185
142
177
176
163
143
172
126
131
158
189
211
158
156
190
198
172
141
202
182
183
190
128
162
124
250
166
134
195
188
186
147
195
144
169
164
138
166
193
165
184
176
147
208
160
177
154
183
154
140
195
138
173
185
143
159
187
160
155
177
155
156
157
223
136
142
183
185
208
159
179
165
165
162
155
207
136
148
151
176
151
160
113
186
128
120
154
206
176
176
167
162
138
176
146
196
141
219
139
186
185
199
162
154
199
161
201
130
122
139
188
168
205
147
182
156
149
153
138
186
192
133
164
157
188
152
171
136
163
169
157
167
187
165
127
210
137
173
168
159
