1946
1942
1943
1988
1888
1960
1948
1967
1985
1908
1927
1990
1901
1967
1904
2000
1937
1933
1973
1943
1929
1973
1940
1894
1931
1930
1955
1948
2011
1962
1939
1951
1921
1966
1970
1935
2008
1984
1988
1950
1913
1987
1887
1943
1935
1970
1938
1927
1937
1965
1911
1940
1940
1958
1972
1920
1955
1927
1957
1961
1955
1944
1965
1947
1919
1983
1959
1967
1922
1942
1963
1999
1985
1922
1970
1931
1967
1929
1965
1948
2008
1908
1967
1951
1970
1934
1947
1963
1938
1946
1936
2004
1965
1944
1963
1936
1955
1937
1995
1973
1954
1937
2008
1939
1925
1965
1929
1937
1970
1988
1931
1942
1998
1969
1947
1958
1955
1946
1940
1937
1937
1972
1908
1955
1942
1993
1929
1925
1953
1946
1941
1927
1932
1965
1923
1942
1922
1971
1918
1963
1954
1947
1935
2017
1905
1936
1997
1931
1958
2004
1938
1957
1955
1930
1981
1947
1945
1967
1952
1962
1971
1975
1990
1935
1951
1944
1936
1939
2004
1954
1949
1933
1958
1969
1942
1958
1930
1911
1935
1922
1976
1948
1967
1964
1982
1943
1907
1974
1920
1930
1976
1955
1956
1964
1956
1955
1960
1999
1959
1957
