74
79
72
78
76
70
81
71
82
71
75
81
80
76
72
74
78
76
77
72
78
78
69
71
72
77
73
68
82
76
75
87
70
79
82
74
81
64
74
73
73
76
82
80
74
74
79
72
75
68
72
72
73
74
85
69
70
71
78
73
74
70
81
79
72
78
80
82
71
74
71
75
79
79
81
72
78
77
67
70
73
75
77
78
71
77
78
76
71
75
75
71
72
72
79
81
78
79
74
74
80
81
79
76
80
80
75
72
77
83
75
76
75
80
73
77
69
82
74
88
71
76
78
72
74
69
76
68
73
73
77
78
72
72
69
74
79
71
72
70
80
77
71
76
70
66
77
71
75
74
75
66
78
88
70
76
73
79
79
73
66
73
78
76
75
75
72
70
77
70
73
77
71
77
76
71
73
72
70
78
73
71
82
74
82
76
81
71
72
73
75
74
73
74
78
74
74
81
80
74
