161
175
158
165
175
160
165
160
171
164
162
161
168
151
166
165
153
158
169
170
159
174
162
172
162
164
167
166
163
157
171
159
159
164
166
170
170
155
176
167
164
161
165
158
171
172
170
153
171
164
149
163
164
164
163
167
166
171
172
164
168
175
163
159
174
158
166
165
158
158
163
174
162
175
172
163
167
157
158
170
155
160
172
170
162
168
167
157
175
165
158
173
172
161
175
165
164
167
162
166
165
162
169
172
158
168
159
151
169
160
166
159
177
171
168
154
171
159
170
180
172
156
161
179
162
168
166
180
159
183
170
162
162
166
166
168
165
168
166
163
153
160
164
162
173
169
158
170
162
171
175
165
158
171
175
154
161
172
160
169
177
169
157
162
163
161
159
159
176
163
166
163
164
169
166
159
157
163
167
163
167
166
172
160
178
159
154
163
172
162
182
161
158
174
155
160
164
172
166
168
