307
325
306
330
318
314
310
309
332
322
326
308
320
314
308
329
318
317
326
301
311
304
308
312
307
326
296
322
318
297
307
321
311
324
308
308
296
317
315
313
303
315
324
321
327
314
299
318
310
312
317
338
314
317
314
304
302
313
315
307
315
316
302
306
298
329
320
304
322
309
317
302
307
316
328
325
324
314
304
300
330
315
317
324
308
314
311
307
317
317
314
296
305
313
314
316
306
308
296
318
323
317
312
335
322
316
304
307
316
308
321
305
312
313
316
307
328
313
310
333
304
312
301
324
309
317
309
297
315
312
325
310
308
305
305
316
309
316
303
311
334
309
308
313
333
321
304
313
332
322
318
308
310
329
333
329
311
328
311
306
315
329
304
320
309
305
309
307
319
327
326
317
324
313
316
319
315
323
319
334
308
305
310
305
331
327
292
324
328
310
309
315
316
309
327
318
316
302
308
326
