43
39
38
37
43
37
40
42
41
41
38
41
44
40
37
41
45
53
41
45
39
40
40
44
42
41
40
42
42
55
42
38
42
46
40
45
37
46
44
50
40
41
38
45
39
38
42
50
43
41
41
38
40
41
34
40
39
38
38
38
39
44
40
44
45
44
42
41
40
48
41
43
44
38
36
36
42
38
44
41
40
39
44
40
43
46
47
43
43
40
39
38
42
41
44
43
41
39
39
49
40
35
46
40
38
37
36
40
48
39
42
40
37
44
47
42
41
43
42
43
46
45
45
35
45
44
43
40
38
42
35
43
41
40
42
50
41
44
38
43
46
43
43
41
41
38
42
42
37
35
42
44
44
46
45
38
39
37
48
42
46
40
45
41
40
40
37
40
39
40
41
40
40
42
43
37
40
37
40
38
37
42
46
43
42
45
37
42
39
39
44
42
41
41
44
40
44
40
40
42
