16033
15654
15968
15290
15736
15211
16046
15731
16398
15697
15359
15786
15579
15978
15350
15844
15786
14870
16702
15708
15587
15757
15534
15903
15636
15296
16102
16263
15897
15174
15880
15172
15752
16008
15489
15525
16004
16021
15591
15907
15558
15962
15005
16375
15302
15154
16019
15676
15159
16146
15449
15147
15506
15858
16097
15746
15587
15859
15721
16173
15982
15672
15694
15030
16260
15153
16031
15373
15637
15526
14732
16036
15768
15734
15724
15463
15739
15713
15603
15295
15440
16026
15203
15452
15813
15740
15642
16262
15713
15770
15141
16131
15126
15130
15509
15745
16019
15819
15399
15512
15804
16062
15545
15299
15524
15739
15348
15226
15545
16401
15386
16194
16251
16745
15452
15371
15697
15165
15714
15731
15243
15245
15836
15501
15290
15604
16025
15493
14957
15713
15842
15112
15439
15525
15423
15727
15667
15882
15429
15927
15626
15809
15168
15280
15842
15006
15671
16312
16164
15233
15733
15822
15695
15963
15284
15120
15531
15456
15615
15144
16242
16057
16202
15544
15652
15615
15166
15035
15815
15446
15944
15444
15547
15122
15346
16290
16089
14678
15590
16280
15523
15187
15372
15674
16141
15554
15989
16186
15881
15493
16085
16262
14940
16179
15912
15284
15657
15350
15945
15609
