622
637
630
668
634
637
633
534
606
523
627
615
609
524
460
461
634
594
592
734
479
835
752
502
699
508
738
606
536
598
505
721
595
507
544
635
709
615
519
547
597
513
544
604
559
708
665
616
522
664
659
553
648
552
716
594
602
540
567
611
668
630
583
585
484
622
533
579
581
581
604
615
492
590
598
578
540
610
669
580
524
535
577
558
619
582
635
686
578
680
585
630
786
476
517
562
516
735
503
555
697
