811
717
634
773
590
652
536
625
586
739
545
703
550
631
614
505
500
669
581
571
547
572
578
634
650
616
535
564
698
553
688
650
604
685
896
689
611
538
552
491
617
496
662
567
482
603
596
628
670
449
628
503
558
560
688
544
620
568
637
753
605
767
568
502
602
619
837
524
651
584
645
686
687
560
730
584
548
528
529
481
641
501
567
518
422
697
607
592
592
693
509
458
617
519
728
574
464
590
560
626
551
623
516
725
606
614
532
523
681
587
740
552
602
586
527
519
632
507
653
603
617
647
609
587
514
661
691
648
566
574
649
461
549
601
530
495
576
627
745
617
551
707
684
624
546
688
711
557
573
536
723
582
498
632
696
679
713
625
748
562
735
685
604
514
718
579
546
586
642
558
558
554
560
639
699
540
613
719
673
636
458
544
580
648
619
736
644
711
638
596
550
667
683
471
493
700
742
459
629
629
