1366
1424
1493
1263
1298
1157
1246
1279
1508
1352
1393
1489
1284
1211
1250
1326
1300
1412
1432
1373
1349
1530
1365
1356
1248
1637
1263
1303
1296
1340
1439
1481
1246
1343
1264
1328
1214
1224
1213
1368
1319
1207
1343
1357
1342
1271
1301
1287
1359
1504
1199
1251
1250
1386
1296
1286
1424
1184
1457
1269
1403
1277
1178
1422
1459
1302
1246
1182
1071
1249
1368
1352
1325
1368
1143
1285
1304
1347
1300
1262
1216
1299
1274
1392
1181
1393
1155
1519
1143
1405
1174
1185
1154
1547
1276
1470
1231
1574
1334
1376
1318
1130
1323
1340
1348
1384
1508
1270
1447
1378
1117
1454
1272
1457
1447
1208
1224
1138
1327
1362
1260
1324
1438
1193
1249
1219
1388
1282
1474
1307
1157
1468
1292
1342
1333
1146
1353
1138
1155
1228
1292
1260
1388
1327
1244
1215
1266
1280
1159
1442
1304
1393
1487
1076
1263
1204
1213
1180
1304
1371
1424
1145
1079
1402
1215
1334
1189
1367
1400
1164
1524
1334
1115
1482
1375
1298
1390
1381
1310
1227
1289
1426
1204
1400
1309
1211
1317
1217
1348
1368
1163
1308
1354
1376
1217
1324
1445
1316
1392
1247
