2451
2670
2495
2241
2613
2344
2364
2661
2500
2802
2677
2697
2613
2512
2401
2241
2375
2468
2372
2619
2438
2502
2745
2665
2436
2461
2440
2553
2204
2550
2688
2763
2500
2538
2566
2456
2495
2387
2136
2237
2548
2464
2629
2620
2491
2683
2469
2366
2550
2512
2346
2575
2669
2733
2396
2482
2405
2413
2380
2845
2516
2476
2368
2628
2733
2441
2627
2754
2238
2257
2552
2353
2565
2451
2335
2506
2673
2631
2547
2801
2389
2954
2495
2444
2655
2466
2516
2426
2648
2491
2383
2285
2529
2840
2357
2590
2497
2691
2416
2668
2578
2672
2607
2578
2618
2496
2467
2353
2388
2755
2601
2721
2325
2531
2528
2297
2593
2583
2437
2676
2374
2302
2683
2375
2506
2600
2493
2515
2425
2519
2480
2428
2650
2534
2660
2351
2585
2458
2646
2550
2450
2513
2618
2522
2528
2458
2179
2438
2688
2381
2597
2748
2728
2534
2572
2391
2513
2365
2463
2376
2450
2351
2476
2664
2627
2211
2602
2343
2459
2632
2550
2626
2445
2635
2705
2464
2553
2694
2528
2401
2498
2638
2399
2293
2499
2603
2543
2551
2530
2817
2508
2553
2668
2690
2418
2393
2718
2355
2658
2631
