345
374
342
296
282
319
373
301
330
342
326
359
338
459
418
360
328
467
279
301
464
264
307
290
301
326
341
346
405
244
349
266
367
346
270
305
317
314
434
295
300
391
339
286
397
289
273
372
282
321
313
302
340
429
341
325
436
321
403
310
326
358
361
296
353
293
314
474
373
338
394
337
306
304
375
230
293
457
382
416
395
264
330
327
288
387
343
338
431
250
440
407
334
446
245
316
319
390
341
303
285
315
300
332
284
303
348
355
269
224
371
317
256
323
317
333
326
365
379
327
328
337
335
272
342
277
306
328
284
286
321
266
330
290
286
301
277
402
325
321
278
250
319
358
227
258
344
371
229
360
332
417
349
227
369
298
370
309
324
345
340
336
295
399
306
244
230
328
267
313
271
321
418
282
314
305
279
366
359
382
356
237
378
342
248
303
393
368
338
368
370
322
295
236
381
320
369
330
296
411
