2595
2638
2577
2597
2606
2592
2636
2584
2609
2594
2595
2576
2643
2604
2668
2617
2530
2603
2584
2573
2582
2622
2589
2619
2593
2584
2540
2588
2576
2593
2598
2666
2566
2650
2597
2651
2606
2586
2575
2557
2602
2617
2598
2651
2549
2561
2669
2655
2614
2610
2584
2600
2627
2656
2578
2557
2544
2566
2555
2641
2581
2625
2587
2617
2540
2655
2587
2646
2638
2647
2629
2656
2682
2650
2626
2564
2563
2612
2631
2605
2595
2604
2525
2561
2625
2577
2630
2610
2557
2569
2607
2640
2552
2586
2620
2568
2587
2585
2612
2610
2578
2624
2629
2633
2630
2695
2671
2573
2680
2583
2672
2577
2589
2557
2650
2539
2588
2542
2607
2617
2688
2537
2611
2649
2564
2644
2596
2611
2538
2629
2605
2566
2591
2619
2563
2643
2641
2632
2580
2618
2682
2574
2547
2593
2610
2560
2623
2613
2592
2624
2692
2638
2577
2635
2584
2611
2660
2581
2598
2579
2679
2563
2520
2603
2554
2632
2564
2642
2551
2646
2706
2560
2679
2677
2602
2515
2665
2575
2577
2705
2625
2617
2622
2675
2614
2582
2708
2647
2523
2651
2637
2614
2582
2568
2684
2632
2610
2586
2621
2611
