106
114
102
93
92
111
93
82
89
90
100
93
105
110
102
91
114
92
100
104
113
106
88
89
103
104
102
106
114
95
106
97
91
107
90
103
93
104
98
96
97
111
93
99
111
97
99
109
93
106
113
85
86
112
102
100
93
99
98
113
103
105
95
107
99
94
104
102
88
107
94
111
100
97
90
100
101
100
96
118
92
110
90
99
104
89
91
95
108
93
99
107
105
98
106
112
99
101
106
93
100
116
108
101
96
88
91
104
119
101
90
101
98
93
85
103
111
90
95
118
93
96
102
122
87
102
91
112
106
88
103
94
94
102
87
115
123
98
94
117
85
110
108
107
102
101
106
103
100
89
94
108
93
109
98
97
101
96
116
102
109
100
97
87
96
95
89
126
97
95
99
99
96
94
90
99
93
130
101
100
98
101
112
109
96
97
91
112
107
104
93
105
106
98
110
87
103
85
99
95
