246
209
222
213
221
214
209
201
232
231
225
217
216
224
220
245
202
244
223
207
203
211
213
231
238
210
226
216
218
193
212
209
222
241
227
234
218
210
220
209
216
214
227
201
250
227
227
221
228
212
206
235
224
239
222
217
206
215
214
202
212
218
238
232
232
225
223
204
225
205
204
212
216
218
209
216
231
201
227
217
223
224
229
220
206
217
219
218
213
201
214
228
218
227
211
214
230
233
228
238
212
215
220
239
210
243
222
216
211
222
215
222
212
226
224
218
213
214
212
226
226
246
221
213
214
237
266
220
231
234
232
215
205
187
219
213
231
236
209
226
216
204
210
230
199
225
215
212
240
213
212
218
214
236
223
230
224
223
209
201
211
214
225
225
222
222
216
220
215
219
216
230
221
222
239
211
219
219
223
210
239
201
214
235
202
186
226
202
218
232
197
213
220
223
262
211
238
237
231
218
