414
405
405
395
412
406
416
410
422
420
417
404
421
411
401
401
414
408
387
401
414
392
415
421
400
420
415
432
411
431
453
433
406
407
417
421
419
413
407
399
415
422
429
390
445
421
420
403
426
418
434
414
409
426
402
414
409
408
415
404
429
405
399
428
403
430
433
427
409
393
413
411
396
436
433
410
425
396
419
427
432
403
409
406
387
429
437
427
402
420
436
435
419
388
433
428
401
390
410
392
435
428
430
442
423
431
438
418
399
425
428
410
436
457
397
422
407
436
425
440
409
412
417
385
410
406
408
405
405
406
426
401
411
436
449
456
437
406
430
438
415
427
404
414
404
401
404
414
384
420
405
414
402
422
419
427
418
423
414
417
420
403
446
401
387
405
407
426
414
426
445
431
411
425
385
399
425
420
409
392
400
392
397
429
425
435
403
406
411
423
424
440
419
448
433
427
414
400
379
396
