54
48
50
62
56
45
46
65
52
52
54
52
63
58
59
49
57
59
48
53
46
50
60
46
60
49
53
50
46
58
62
52
46
58
66
57
46
43
45
55
52
50
54
67
47
60
52
55
54
62
65
65
60
51
59
60
58
65
59
55
61
54
57
50
52
58
64
65
59
48
53
56
57
49
58
43
57
49
56
57
66
56
47
61
59
55
62
48
63
56
52
59
56
47
64
55
55
52
58
66
68
56
53
54
57
54
50
54
56
53
64
65
61
52
55
53
62
53
58
56
66
64
70
55
46
56
56
48
63
55
68
54
59
66
50
54
50
60
57
59
51
55
64
53
59
52
51
52
50
53
43
50
55
62
56
54
42
51
56
56
55
58
55
53
61
52
58
57
64
60
69
51
51
51
44
46
53
50
50
52
52
48
54
47
50
48
58
52
51
46
60
50
50
56
68
50
54
63
46
73
