2186
2202
2229
2222
2187
2313
2288
2240
2248
2214
2219
2248
2237
2277
2189
2217
2248
2219
2208
2241
2270
2215
2209
2269
2219
2238
2248
2132
2270
2254
2174
2240
2213
2231
2284
2246
2211
2257
2191
2254
2244
2148
2247
2204
2247
2234
2226
2260
2184
2206
2254
2217
2199
2196
2288
2222
2193
2292
2294
2201
2251
2245
2243
2243
2223
2222
2253
2193
2159
2213
2277
2229
2216
2219
2251
2221
2183
2180
2251
2252
2162
2217
2196
2195
2257
2276
2212
2198
2255
2263
2244
2306
2265
2216
2299
2216
2225
2222
2255
2220
2183
2192
2212
2244
2223
2185
2175
2142
2197
2232
2261
2195
2292
2230
2225
2158
2284
2206
2249
2232
2257
2218
2249
2242
2209
2225
2258
2284
2232
2208
2219
2278
2236
2166
2285
2189
2222
2290
2243
2209
2159
2157
2231
2203
2255
2257
2236
2236
2270
2218
2265
2238
2224
2228
2291
2264
2198
2261
2213
2248
2221
2183
2235
2208
2248
2211
2185
2278
2212
2241
2207
2234
2264
2235
2255
2251
2234
2166
2250
2207
2248
2226
2216
2265
2181
2233
2254
2187
2264
2251
2208
2249
2239
2204
2218
2214
2278
2200
2247
2210
