79
88
87
105
76
80
79
88
98
74
79
84
80
88
94
87
87
85
93
90
87
103
88
88
86
80
76
81
81
86
78
92
85
84
87
90
87
85
86
83
88
84
81
87
88
96
87
88
82
88
83
80
87
86
82
88
82
86
83
83
95
80
82
87
73
79
89
82
87
83
83
86
91
78
80
92
80
90
86
77
79
91
86
85
81
91
90
79
81
93
93
92
82
99
90
84
79
95
80
76
96
80
93
92
78
89
81
89
87
83
86
90
89
85
87
97
93
85
91
86
86
86
86
87
95
78
82
86
92
81
91
83
82
92
84
96
77
88
82
82
96
90
83
84
87
93
95
77
78
87
85
80
92
80
90
72
88
85
86
89
89
87
92
80
84
86
78
82
82
98
81
84
84
90
85
87
92
85
84
84
88
82
85
92
87
89
84
85
80
97
84
81
87
91
74
84
95
95
86
84
