190
178
181
209
207
179
192
199
192
184
185
178
194
177
191
182
197
181
186
192
176
174
194
187
187
186
178
193
185
187
196
177
176
183
192
172
183
179
191
175
186
202
197
197
203
193
194
194
179
202
195
194
180
170
179
180
188
185
196
186
180
179
184
192
204
181
170
195
184
184
197
186
196
192
181
195
183
174
188
186
193
195
203
178
182
185
181
202
199
170
195
189
189
188
190
213
191
198
192
202
195
180
175
174
208
188
192
196
188
195
201
200
183
203
208
202
181
196
188
193
183
187
178
183
183
186
210
190
203
188
209
202
182
204
182
200
189
184
209
188
187
184
176
187
180
187
212
189
199
184
181
186
194
187
179
207
187
199
203
178
173
171
193
193
178
191
173
187
198
186
189
175
193
192
175
186
192
179
186
177
186
187
200
176
190
187
181
169
193
183
184
191
200
181
190
197
186
180
180
197
