393
382
373
352
364
361
326
341
364
338
371
344
338
348
363
364
348
372
351
357
341
351
378
354
369
387
348
381
363
362
373
342
353
372
366
360
351
355
358
348
362
370
366
357
357
351
363
334
354
359
352
387
355
374
367
348
369
342
359
381
346
364
369
337
347
349
339
374
344
375
354
372
344
383
363
350
394
359
355
367
353
358
358
370
365
354
353
358
358
366
364
325
348
354
348
368
339
358
363
353
337
364
359
364
374
353
363
338
344
369
358
352
359
352
367
368
340
364
365
381
352
357
351
377
349
327
342
374
360
380
351
346
358
348
349
356
362
355
367
352
348
361
356
352
333
362
349
365
351
356
361
366
380
349
355
353
360
353
351
363
369
354
370
353
357
393
349
372
378
364
352
363
355
362
335
376
339
366
362
363
369
381
358
361
362
358
375
375
374
357
367
356
364
372
329
372
347
362
370
373
