55
45
51
54
48
52
45
46
51
53
39
46
42
43
52
45
60
48
42
46
51
49
46
48
44
45
44
45
40
44
64
49
52
49
47
42
49
54
43
53
45
53
43
38
49
56
46
46
52
53
42
50
48
51
45
47
39
45
47
41
43
47
43
50
50
47
43
57
47
48
44
51
47
48
45
54
45
45
48
50
44
41
44
42
48
45
43
41
47
45
49
55
37
46
45
54
53
50
54
51
52
50
44
51
38
44
49
53
46
50
43
49
45
48
38
46
41
50
43
46
56
57
52
46
46
48
49
39
45
49
50
50
47
46
48
50
42
51
59
44
45
41
49
47
47
49
43
57
45
47
46
41
45
51
46
48
42
55
48
49
40
45
47
55
44
50
48
50
42
48
49
53
46
46
52
42
59
52
46
49
43
54
47
46
43
57
41
42
45
45
41
42
46
45
49
47
39
54
47
48
