5248
5227
5245
5363
5103
5262
5499
5178
5262
5225
5132
5272
5349
4926
5209
5232
5261
5199
5101
5174
5166
5105
5228
5314
5238
5210
5251
5208
5250
5164
5219
5000
5118
5140
5192
5237
5298
5309
5260
5175
5217
5110
5521
5141
5127
5086
5124
5361
5157
5318
5157
5434
5191
5169
5124
5198
5332
5281
5125
5131
5016
5376
5129
5257
5205
5224
5356
5278
5330
5300
5236
5095
5217
5125
5104
5230
5204
5214
5131
4921
5113
5179
5277
5172
5198
5211
5154
5126
5172
5348
5088
5164
5205
5201
5012
5358
5345
5028
5058
5271
5179
5350
5288
5180
5269
5193
5069
5419
5355
5220
5483
5178
5278
5191
5094
5259
5093
5473
5191
5201
5136
5220
5531
5378
5175
5205
5325
5171
5367
5209
5158
5148
5326
5287
4935
5231
5130
5255
5150
5304
5244
5427
5224
5131
5160
5400
5261
5226
5197
5249
5305
5151
5388
5308
5132
5185
5189
5220
5184
5178
5375
5301
5249
5165
5079
5233
5127
5004
5035
5311
5234
5359
5050
5249
5445
5424
5265
5231
5268
5245
5262
5125
5437
5214
5158
5037
5049
5083
5128
5017
5104
5285
5030
5178
5333
5336
5392
4973
5278
5106
