203
204
227
199
151
185
205
199
231
211
202
198
238
237
180
187
186
166
221
226
210
169
242
201
202
233
205
214
196
171
178
264
245
178
198
189
216
191
169
198
199
157
194
178
199
216
197
206
195
203
208
190
190
177
208
213
228
204
172
188
177
206
189
193
198
230
172
175
263
171
231
180
195
203
175
196
194
231
227
228
176
244
206
201
184
212
215
203
214
227
216
214
208
233
182
169
160
165
175
225
226
158
152
204
172
207
192
217
202
220
166
205
164
185
196
206
193
191
190
172
195
174
173
216
179
199
195
206
212
174
198
208
188
187
184
193
193
183
203
179
207
221
227
178
216
224
165
221
197
165
186
249
198
191
203
200
220
197
209
214
207
165
211
178
199
195
200
207
182
220
216
189
181
259
177
210
232
165
165
159
230
218
191
281
199
201
201
190
198
204
185
197
184
180
154
227
158
216
187
191
