182
264
186
195
225
209
186
161
185
185
184
251
170
239
235
195
208
234
261
182
176
198
224
185
215
198
212
174
213
173
224
180
192
233
166
176
198
167
237
191
182
185
176
169
221
217
250
180
164
185
198
207
229
173
213
247
197
197
216
172
164
246
212
163
208
180
250
197
192
192
217
195
199
187
187
195
193
207
191
202
200
204
253
239
233
248
195
192
213
246
185
167
197
195
163
178
192
218
183
201
203
