454
446
453
470
479
380
440
454
470
427
439
492
356
416
423
439
428
484
436
413
446
420
418
446
385
439
435
462
443
406
424
444
473
485
444
461
489
424
474
444
401
428
429
468
439
498
450
394
407
468
454
450
502
434
352
475
462
410
433
425
450
478
433
477
476
434
429
491
442
484
445
402
402
476
458
472
398
459
469
449
423
415
438
443
410
404
419
425
421
473
431
441
562
472
445
451
397
415
455
506
463
442
412
460
436
397
401
452
411
434
530
436
424
395
453
432
423
442
409
427
431
439
469
400
408
481
454
446
440
441
466
468
495
506
442
446
382
467
449
483
389
430
439
463
440
429
441
389
441
442
423
401
463
415
444
439
399
481
430
440
484
405
382
458
456
455
388
407
421
438
485
464
434
459
439
461
470
459
372
437
483
400
471
408
465
444
468
487
425
465
448
410
392
474
422
443
457
398
410
431
