872
850
897
840
813
821
764
812
821
872
762
803
794
893
826
783
838
786
815
873
818
845
870
801
875
771
958
745
903
755
787
873
951
805
904
849
835
909
803
804
901
857
878
830
899
770
899
778
911
858
824
840
804
771
799
786
809
853
824
832
794
798
846
871
881
801
828
847
764
859
817
880
830
820
885
851
814
890
857
828
884
813
855
824
803
893
805
897
817
834
874
901
799
876
825
818
876
828
910
803
837
802
826
798
844
823
772
963
782
832
811
884
844
836
856
893
840
840
799
836
875
907
819
904
797
800
902
816
852
873
831
851
835
837
879
795
825
819
880
852
771
858
835
902
873
841
811
892
868
847
883
848
779
867
854
841
883
878
841
757
786
914
837
767
855
928
774
798
811
859
892
792
908
870
829
818
809
802
816
859
823
882
894
819
828
803
815
870
806
844
865
777
813
826
852
847
873
841
833
818
