136
102
88
108
102
82
107
117
97
115
106
104
96
125
103
96
93
102
99
109
89
120
80
94
138
92
102
96
99
93
143
89
115
111
113
98
124
120
114
88
95
145
119
130
121
94
93
131
88
128
91
116
108
93
89
101
120
117
111
131
115
109
87
106
107
119
95
116
112
108
93
102
104
111
87
112
107
98
104
87
106
106
104
96
123
105
135
102
104
114
71
115
63
94
108
122
137
108
100
99
92
95
107
96
115
131
115
83
125
135
131
96
104
121
106
104
97
94
112
92
120
107
89
102
113
106
106
111
119
128
90
108
104
117
106
127
90
118
127
117
110
129
99
86
87
96
112
92
107
89
122
113
91
115
107
138
120
91
109
104
109
124
102
89
99
97
117
110
105
114
110
102
140
147
109
102
109
111
95
136
99
108
98
122
111
74
98
106
110
105
87
91
103
114
126
116
121
105
108
89
