3202
3155
3067
3205
3151
3078
3144
3050
3122
3173
3196
3217
3173
3060
3175
3112
3049
3028
3129
3027
3178
3173
3172
3188
3136
3060
3119
3188
3146
3159
3165
3069
3136
3208
3043
3109
3156
3253
3066
3090
3044
3156
3282
3204
3104
3132
3075
3129
3163
3027
3218
3152
3039
3101
3077
3156
3243
3115
3013
3165
3087
3134
3098
3037
3101
3108
3117
3067
3081
3128
3148
3075
3099
3148
3208
3181
3147
3213
3209
3115
3195
3171
3140
3157
3092
3146
3157
3196
3052
3089
3083
3175
3220
3099
3127
3064
3107
3129
3104
3163
3082
3141
3095
3142
3018
3137
3184
3139
3208
3079
3175
3108
3133
3096
3074
3260
3087
3091
3200
3152
3152
3127
3006
3049
3178
3132
3154
3182
3133
3157
3112
3244
3190
3066
3130
3105
3173
3152
3190
3154
3150
3236
3158
3162
3187
3105
3141
3102
3281
3135
3048
3203
3078
3112
3038
3091
3122
3110
3205
3125
3164
3089
3125
3182
3197
3137
3231
3101
3150
3102
3053
3068
3212
3142
3145
3000
3135
3072
3138
3139
3183
3079
3184
3070
3095
3116
3079
3008
3069
3082
3097
3133
3130
3014
3013
3143
3042
3126
3201
3133
