115
112
107
143
114
142
123
128
114
122
119
110
127
112
126
119
111
90
121
112
119
133
115
124
134
120
128
111
118
127
133
110
112
124
111
123
125
121
112
116
126
114
113
129
104
129
111
126
127
127
106
105
132
115
122
103
122
115
124
130
112
135
128
130
149
139
116
128
110
124
111
127
100
105
135
101
123
116
121
106
112
124
121
130
108
132
120
108
111
118
123
126
126
139
129
128
103
112
119
123
136
129
110
102
122
134
155
120
118
132
142
130
128
118
106
121
104
122
156
121
122
110
130
125
126
117
123
108
117
109
124
127
131
128
123
103
117
129
120
120
130
125
112
128
141
102
127
112
105
149
117
108
116
112
119
140
106
122
133
116
126
121
121
113
106
122
115
96
118
132
107
118
110
117
116
117
103
128
152
115
142
127
141
110
112
120
114
100
118
123
114
108
125
138
125
115
116
131
119
114
