140
120
123
112
117
106
138
101
120
134
114
113
109
139
119
130
104
136
129
126
128
135
110
106
114
117
123
115
111
116
107
130
129
115
117
124
142
147
116
124
113
135
128
127
123
144
135
92
115
129
118
156
120
120
115
112
124
101
116
134
122
100
132
123
131
129
130
113
112
117
105
123
127
123
109
126
120
127
117
131
123
117
128
121
114
120
122
116
100
118
118
124
148
102
131
132
145
116
111
124
105
