269
250
244
262
253
255
293
257
268
250
273
275
267
271
283
257
288
257
265
254
272
267
240
245
252
258
279
266
259
246
249
277
265
262
288
260
269
280
268
238
272
257
260
262
269
267
260
270
260
262
259
235
273
252
241
243
283
265
268
271
232
301
259
288
247
289
245
301
259
270
288
255
267
271
245
248
279
249
252
284
273
233
249
265
234
262
269
241
281
287
268
287
279
287
227
255
289
263
238
240
306
273
295
269
255
237
265
254
310
240
300
252
269
257
256
252
255
252
269
273
323
261
262
267
240
283
258
251
282
263
251
268
260
273
247
260
258
245
260
277
290
269
278
269
258
276
268
267
271
236
242
277
255
258
242
257
273
270
268
270
279
269
267
240
256
275
249
283
250
242
271
264
299
278
266
243
286
273
274
266
289
267
257
257
280
269
266
264
263
255
253
256
240
264
277
233
270
270
262
266
