511
502
515
497
493
494
493
506
501
551
455
493
546
504
577
497
514
502
555
509
458
485
543
522
503
455
468
524
570
546
559
500
499
503
516
506
565
483
470
478
495
492
486
504
514
512
466
496
496
515
512
566
507
505
497
489
492
492
483
511
475
481
515
518
474
545
499
500
528
504
501
521
516
495
528
504
498
480
509
548
540
495
473
562
520
537
490
517
544
485
465
501
476
540
530
489
483
471
486
486
478
503
508
504
489
493
482
476
475
497
508
497
527
519
499
472
502
477
504
482
524
503
467
472
504
498
480
521
500
517
492
466
529
482
499
546
507
513
507
469
480
488
493
542
527
530
471
508
524
492
545
517
491
516
515
456
523
482
491
523
486
478
462
554
514
475
515
496
514
500
524
494
493
501
525
486
509
496
496
471
502
485
474
487
508
515
502
526
481
485
553
512
476
495
519
525
530
483
507
540
