84
57
60
60
74
51
71
62
69
74
65
59
59
80
69
81
65
69
73
62
61
73
70
74
69
56
61
61
55
61
69
58
65
80
55
67
67
68
72
65
63
65
63
61
72
86
59
71
73
71
71
77
70
65
64
70
71
80
67
70
76
73
87
84
63
68
55
71
62
61
76
78
75
69
70
56
71
68
58
52
66
66
60
88
63
67
62
55
76
60
75
72
54
71
65
82
76
79
60
73
68
70
66
83
59
56
64
52
55
62
60
70
56
67
65
66
71
74
65
50
63
69
70
65
72
67
76
50
62
70
69
69
89
58
60
74
63
65
65
69
53
66
64
69
96
57
68
61
66
58
56
61
77
61
55
78
68
58
59
72
66
66
70
64
77
79
65
62
80
75
64
58
62
75
82
52
64
60
82
57
67
64
60
75
62
58
70
67
59
71
60
57
56
57
53
51
62
75
67
55
